24|2|6360
25|2|28113.82
29|4|6000
30|2|23339.57
32|2|6800
33|2|51063.07
35|2|19861.26
36|2|33531.53
38|4|11000
40|2|7765.77
41|2|7720
43|2|300
44|2|15591.43
45|2|25810.27
47|4|5740
48|4|3724
49|2|7100
50|2|32446.78
51|2|13111.69
52|4|6110
53|4|12333.77
54|4|3400
55|2|23332.76
56|2|3000
57|2|6360
59|2|6300
62|2|4240
64|2|6300
66|2|6300
67|2|4800
68|2|13900
69|2|6300
70|2|6000
71|2|8000
72|2|48927.33
73|4|3000
74|4|18000
75|2|100
76|2|100
77|77|5930
78|43|6160
79|21|49313.84
80|15|7500
81|15|6000
83|11|11900
85|9|11900
86|17|14880
87|21|36000
88|19|5500
90|21|100
93|21|100
94|21|100
95|21|100
96|21|100
98|11|100
104|2|100
105|15|5600
106|2|100
108|15|49040.08
109|75|4260
112|19|6500
113|15|5700
114|19|23000
115|21|2700
116|43|4840
118|21|46200
119|67|5588
120|21|3000
122|77|5840
123|77|20260
125|73|4980
126|73|3800
127|21|3190
128|43|2540
129|73|3770
130|75|40000
131|5|1600
132|35|4400
133|75|4760
135|5|8420
136|89|5260
138|37|7120
139|47|4440
141|37|6820
142|87|5564
143|43|6260
144|87|4860
145|65|2760
146|5|12200
147|65|5274
148|65|4194
149|5|13800
150|77|5360
152|78|8200
153|21|5480
154|21|3964
155|7|680
156|21|5960
157|11|2180
158|87|4860
159|41|2590
160|13|4660
161|13|4460
162|75|6560
176|11|13600
177|21|3264
178|21|46200
179|21|8200
180|21|8200
182|71|5720
184|75|2780
185|77|65740
185|78|4000
186|41|3450
187|13|3760
188|47|3480
189|47|3010
190|7|6440
191|7|10020
192|7|4860
193|7|7550
196|39|8602
200|39|2954
201|33|4004
203|5|9380
204|19|4280
205|29|5640
207|71|2920
208|11|3580
210|5|46600
211|5|5094
212|57|3900
213|77|4660
214|77|9900
215|77|10100
216|17|34325.7
218|31|4554
220|35|4800
221|89|15360
222|14|13600
223|20|5900
224|67|6956
225|87|4910
227|75|5360
228|6|5360
229|15|3400
230|70|9400
231|77|42732.44
231|78|1682.36
232|77|3800
233|77|15228.58
234|21|44809.64
235|5|3680
236|18|37227.22
237|75|40000
238|17|1160
239|23|29500
240|89|9220
241|45|8800
242|45|7920
243|45|8480
244|19|700
245|76|9640
246|63|2622.36
247|16|2000
248|63|2400
249|77|3330
251|6|5044
252|14|12300
253|14|4780
254|63|4760
255|63|5860
258|9|6200
261|14|3714
262|14|3780
266|30|9400
267|8|6240
268|30|9200
269|20|6600
270|6|9020
271|16|3500
272|16|4500
281|16|200
287|12|5080
290|76|15700
291|6|4504
292|6|6584
298|16|5740
299|90|12280
300|10|10613
306|16|5200
310|6|10896
312|98|4600
314|6|4924
318|8|6340
321|78|8820
323|101|21654.5
324|90|4780
328|22|38172.61
329|22|3542
340|6|1080
341|78|9965.08
343|78|16500
344|90|10240
345|78|10010
346|98|42530.51
347|8|5160
350|203|41663.68
351|203|53358.57
353|115|4800
354|115|5850
355|125|5524
356|188|39000
359|115|5350
360|111|4800
361|111|4400
362|97|4880
363|133|5240
364|311|4650
365|100|5340
366|110|4660
367|131|12000
368|110|4360
369|132|17782
370|110|4360
371|93|7650
372|132|7800
373|129|2880
374|129|2980
375|132|12400
376|94|23000
377|122|3600
378|105|3800
380|101|3230
381|127|2984
382|132|2680
383|126|3640
384|126|3640
386|127|3004
387|95|6200
388|110|4660
389|110|4660
390|100|2630
391|97|25200
392|101|5460
393|101|3764
394|92|4524
395|97|11141.69
397|131|7260
398|198|26168.05
399|106|6014
400|131|7260
401|131|6060
402|198|4360
404|143|4000
405|132|5360
406|107|5734
410|93|7452.01
412|201|35674.62
414|203|5000
415|203|6000
416|157|7134
417|100|750
418|148|9950.97
419|148|9071.98
420|148|14130.53
422|141|21350.33
423|131|20000
424|131|6560
425|198|8540
426|198|4360
427|326|25154.34
428|92|9210
429|92|5860
431|132|2300
432|195|18000
433|101|5969.07
434|326|4974
435|281|4440
436|129|1399
437|311|4100
438|133|13100
439|271|1740
441|351|1744
442|101|4400
443|132|3100
445|341|6580
446|261|4940
449|266|3074
450|117|760
451|117|1760
452|188|52560.64
453|187|4500
454|276|2850
455|167|6560
456|95|5940
457|92|1480
458|92|3660
459|114|370
461|131|7760
462|147|28560
463|276|650
466|113|474
467|113|1340
468|188|37500
469|143|4444
470|188|2760
471|188|6194
472|187|5844
473|143|6000
474|142|6000
475|133|7140
476|148|15365.52
477|132|2900
479|110|2220
480|251|4360
482|125|3084
483|223|2100
484|331|4464
486|228|5764
487|228|1340
488|188|5404
489|188|5800
490|188|5474
491|132|6740
494|188|5604
495|101|4960
497|188|5460
498|98|1360
499|183|830
500|132|7100
501|141|22334.89
502|143|7684
503|132|8140
504|188|5292
505|172|4000
506|172|5300
507|203|5700
508|291|23046.32
509|188|1060
510|188|3580
511|291|10550
512|256|4100
513|336|3644
515|198|15000
516|208|18180
518|311|3076
1518|143|6310
1519|143|7360
1520|143|2460
1521|346|2298
1522|346|1940
1523|203|5460
1524|336|2374
1525|336|3504
1526|351|3744
1527|172|4000
1528|233|2384
1529|351|5264
1530|351|5254
1533|270|1420
1536|187|5234
1537|152|11820
1538|203|4960
1539|203|2260
1542|217|7768
1543|290|7180
1545|222|800
1546|222|1600
1547|208|3260
1548|270|740
1549|270|740
1551|276|2320
1552|276|2100
1553|275|4660
1554|187|4994
1555|325|4144
1556|260|4340
1557|280|3600
1558|280|7800
1559|152|6534
1563|346|5400
1564|310|4900
1565|350|900
1566|350|1500
1567|340|3660
1568|222|900
1569|341|6760
1570|330|8952
1571|255|4200
1572|255|7500
1573|255|3700
1574|265|1814
1575|265|1814
1577|350|900
1578|250|2430
1579|227|862
1579|228|4060
1580|335|4244
1581|330|2524
1583|188|550
1584|335|2604
1585|187|4054
1586|335|1320
1587|143|6604
1588|143|5040
1589|151|52979.28
1591|142|2880
1592|345|3680
1593|202|7440
1594|280|2400
1595|142|9214
1596|142|6864
1598|325|3624
1599|325|3624
1600|197|10000
1602|181|14300
1603|197|9040
1604|197|8540
1605|197|6060
1606|186|30000
1608|185|55731.94
1609|176|40715.32
1610|186|29850.93
1611|275|740
1612|275|640
1613|260|5480
1614|345|2550
1615|345|5660
1616|265|9120
2611|350|5254
2612|350|5264
2616|141|80838
2617|173|9440
2618|310|4700
2619|310|2500
2620|310|4400
2621|187|880
2622|187|6404
2623|187|7094
2624|187|4680
2625|202|15520
2627|182|4410
2628|182|4400
2629|202|8400
2631|202|12050
2632|177|27932.43
2634|345|2340
2635|315|2220
2636|315|6270
2637|335|1874
2638|335|1182
2639|185|44137.08
2641|335|1720
3644|177|6140
3645|177|20520
3646|202|8500
3649|250|1900
3658|153|5480
3663|192|45000
3664|207|3330
3665|185|46458.04
3667|157|9220
3671|187|5424
3672|182|4660
3673|182|4180
3675|182|7900
3676|182|2960
3677|186|5324
3678|173|6640
3679|173|3580
3680|173|7620
3681|185|43951.41
3682|171|55646.07
3683|142|1080
3686|207|13700
3687|173|4580
3688|202|9400
3689|335|2114
3690|187|3660
3691|173|5300
3692|173|9500
3694|202|780
3696|142|1080
3698|185|45599.84
3699|187|11300
3700|142|5684
3701|142|4042
3702|187|4614
3703|186|35000
3704|254|24000
3705|187|5660
3706|197|6060
3708|187|13774
3709|187|4700
3711|259|5674
3712|186|1780
3713|186|4894
3714|202|7764
3715|202|9384
3717|202|6704
3719|173|5700
3720|173|7240
3721|187|5450
3722|314|6800
3723|141|5700
3725|206|880
3726|206|15750
3727|142|6712
3728|186|1219
3729|206|4150
3730|150|23920.93
3731|324|4674
3732|325|4674
3733|325|3494
3734|324|8900
3736|173|4800
3737|173|5700
3738|173|4800
3742|254|3100
3744|221|4500
3745|221|4500
3746|221|15000
3747|269|7000
3748|269|900
3749|349|4314
3750|151|5384
3753|171|19800
3756|329|520
3759|284|5860
3760|279|36100
3763|201|14284.59
3764|195|3480
3765|309|6700
3766|309|5800
3767|309|37500
3769|201|9040
3770|185|4000
3772|329|3234
3773|249|7670
3774|324|6234
3775|324|6644
3776|324|6354
3777|324|5804
3778|324|6304
3779|324|4354
3781|195|11980
3782|195|13680
3783|151|5134
3784|349|3625
3786|156|14310
3787|329|19300
3790|329|980
3792|151|6110
3794|249|2950
3795|264|6660
3796|264|4380
3797|263|1160
3798|264|960
3799|355|6060
3800|259|2100
3801|288|800
3803|274|4740
3804|274|4740
3806|226|23800
3807|226|3160
3810|344|840
3812|200|50137.62
3813|254|2600
3814|304|250
3815|309|300
3816|309|300
3817|200|8340
3818|268|2960
3819|175|21005.2
3820|186|800
3821|274|3370
3822|216|300
3823|338|6460
3825|221|1000
3827|221|3900
3828|294|600
3829|145|16042.49
3830|185|5034
3832|201|5840
3834|333|2016
3835|333|4264
3836|200|28646.26
3837|206|9840
3840|283|3460
3841|253|5000
3842|253|3050
3844|226|5800
3845|140|1700
3845|141|16980
3846|268|1690
3849|201|11800
3850|141|8120
3851|186|5550
3855|328|5244
3856|220|1500
3857|328|3094
3858|220|1500
3859|145|2996
3863|206|980
3864|195|6360
3865|180|4280
3866|293|5804
3867|159|22350.06
3868|150|3300
3870|175|16464
3871|170|3500
3872|170|8900
3873|185|1030
3874|185|8620
3875|205|980
3876|185|6040
3877|140|5000
3878|273|4740
3880|140|6620
3881|140|4440
3884|258|1950
3886|268|1740
3887|225|4864
3888|343|1569
3889|144|12966.43
3890|343|5064
3891|343|1660
3892|185|10214
3893|323|6034
3894|323|3854
3895|348|3840
3896|263|3100
3897|263|1740
4896|303|4986
4897|170|47656.06
4898|200|7440
4899|170|5880
4900|199|7440
4901|283|2040
4902|150|5234
4903|200|9220
4904|248|3294
4905|248|2800
4907|200|8254
4908|200|7854
4910|140|5264
4912|180|3100
4913|180|4880
4914|155|8490
4915|196|5860
4916|205|11100
4917|170|9600
4918|170|5700
4919|343|1589
4920|185|7134
4922|288|700
4923|288|2940
4924|362|32772
4925|140|1180
4926|414|10200
4927|333|4894
4928|230|4542
4929|263|7560
4930|308|3000
4932|200|12356
4933|140|4582
4934|140|17780
4935|348|3344
4936|258|2450
4937|258|7230
4939|159|26452.61
4940|140|11056
4942|200|1180
4943|145|630
4945|185|6600
4946|139|47138.67
4947|386|4960
4948|200|1300
4950|343|1589
4952|150|5991
4953|205|10320
4954|150|7959.62
4956|258|3140
4957|308|5200
4958|164|14400
4958|165|10800
4959|165|7150
4960|263|601.2
4961|196|5060
4962|154|1200
4962|155|9850
4963|140|3614
4964|253|4400
4965|140|52238.83
4966|273|4040
4967|343|1589
4968|343|1640
4969|140|4434
4970|362|25315
4971|362|25315
4972|362|25192.84
4975|303|4094
4976|184|43000
4977|614|33500
4978|179|4400
4979|248|3830
4980|248|3830
4981|145|7440
4982|145|5460
4983|328|3124
4984|327|3104
4985|327|4494
4986|282|2300
4988|302|4764
4989|342|1589
4990|323|1000
4991|323|3994
4992|302|3717
4994|174|29020.2
4995|139|7340
4997|622|3344
4998|622|4560
4999|622|4560
5000|200|10800
5001|174|29879.92
5003|169|73106.57
5004|422|48707.94
5005|200|11000
5006|308|2600
5007|272|17773.36
5008|140|8926
5009|257|2160
5010|257|2690
5011|205|880
5012|169|30010
5014|422|27340
5015|337|5660
5016|184|62000
5017|144|5140
5018|204|3480
5019|154|13220
5020|308|4800
5021|307|5900
5022|307|3800
5023|302|2765
5024|219|1500
5025|219|1500
5026|159|5460
5027|224|6780
5028|312|5160
5029|219|1500
5030|144|7520
5031|144|7520
5032|272|3900
5033|272|5900
5036|277|4340
5037|277|4040
5038|277|5360
5040|229|3310.5
5041|144|6374
5042|229|6060
5043|169|38731.04
5044|199|9120
5045|199|4840
5047|622|4200
5048|622|7720
5049|214|700
5050|179|5800
5051|327|1330
5052|428|35820.53
5053|179|2280
5054|199|8857.5
5055|194|8920
5056|199|15880
5057|590|43453
5058|184|7520
5060|267|5464
5061|302|2444
5062|287|1060
5063|267|3540
5064|169|5860
5066|139|5760
5067|164|9620
5069|139|1080
5070|590|46513.99
5071|292|6320
5072|292|2040
5073|179|7200
5074|302|3514
5075|139|10874
5076|139|13580
5077|184|7400
5078|342|1950
5079|621|3700
5081|342|3250
5083|282|2400
5084|622|3440
5085|247|3180
5086|247|3180
5087|224|5030
5088|199|5904
5090|199|5904
5091|204|9320
5092|488|3540
5093|322|4794
5094|164|6060
5096|622|620
5098|184|200
5099|214|900
5100|500|740
5101|252|4900
5102|482|3800
5104|139|1700
5106|287|700
5107|213|1200
5108|322|3404
5109|622|1720
5110|204|7960
5111|362|29000
5113|199|13900
5114|536|3184
5115|518|2240
5116|139|880
5117|139|880
5118|139|1080
5119|199|4560
5120|247|4540
5122|252|4200
5123|342|2658
5125|199|4400
5127|247|4540
5129|458|3414
5130|292|3000
5131|204|6520
5133|179|3704
5134|194|5360
5135|428|24165.37
5136|512|43000
5137|199|10500
5138|596|7280
5141|322|6774
5142|560|4474
5143|560|39000
5144|139|880
5146|590|57547.49
5147|566|3654
5151|524|36000
5152|476|4444
5157|404|12100
5158|410|11000
5159|362|4804
5160|374|12250
5161|578|1589
5164|536|1851
5166|452|12000
5168|590|6000
5169|506|3994
5170|404|8760
5171|428|7760
5172|428|42543.69
5173|578|1790
5174|404|18868
5175|590|7640
5176|452|5300
5177|590|12200
5179|614|6440
5180|590|24500
5181|464|4754
5182|373|27500
5183|590|11000
5184|416|9590
5185|578|2678
5187|621|800
5188|621|800
5189|621|800
5190|621|800
5191|410|6260
5192|410|1700
5193|590|10000
5194|590|10000
5196|386|3550
5197|386|3784
5198|386|5260
5199|386|9080
5200|602|6560
5201|386|7240
5202|614|4352
5203|385|7640
5204|560|700
5205|384|51006.83
5206|614|7260
5207|500|2980
5208|422|5340
5209|402|51657.49
5210|410|6760
5211|386|8040
5212|385|1700
5212|386|6540
5213|404|7904
5214|362|7100
5215|384|37297.68
5216|386|8412
5217|384|39440
5218|590|24000
5219|386|8080
5220|499|11760
5224|426|30656.55
5225|402|37714.01
5226|386|980
5227|410|13200
5228|384|40952.47
5229|422|3550
5230|588|46722.42
5231|404|10840
5232|536|2367.5
5233|422|4960
5234|420|77105.87
5235|420|46948.67
5236|385|1700
5236|386|6440
5237|588|85000
5238|523|5700
5239|487|8170
5242|517|5220
5243|505|3360
5244|505|3360
5245|589|9500
5247|421|5300
5248|404|1080
5249|589|10000
5250|577|1989
5251|487|3300
5252|404|1300
5253|547|6804
5254|589|1800
5255|421|3640
5256|385|6890
5257|589|7700
5258|541|4600
5259|559|2000
5260|451|1500
5261|517|6100
5262|403|5480
5263|385|5700
5264|385|12900
5265|589|3160
5266|571|11240
5267|559|10110
5268|589|7800
5269|529|4460
5270|529|4460
5271|589|20200
5272|589|9000
5273|475|2800
5274|475|2800
5279|620|4260
5280|433|4634
6275|565|5194
6277|511|4540
6278|511|5600
6279|511|5660
6280|493|740
6282|577|1589
6283|493|900
6284|493|1760
6285|493|1700
6287|475|6230
6289|475|6230
6290|499|3460
6291|523|3190
6292|385|3260
6293|385|7222
6294|409|17580
6295|409|5360
6296|409|33770.98
6297|385|6572
6298|384|1480
6299|613|4280
6300|415|8644
6302|385|3331
6303|613|5760
6305|589|5500
6306|589|5500
6307|589|13400
6308|589|7600
6309|589|5180
6310|589|10500
6311|589|21000
6312|589|7400
6315|589|6560
6316|397|12320
6317|415|6100
6318|589|6700
6320|516|4000
6322|403|16900
6323|481|5142
6324|481|3422
6327|481|5064
6328|481|3460
6330|589|18400
6331|433|9500
6332|415|9730.83
6333|415|5560
6334|415|7400
6335|571|3740
6336|403|6760
6337|588|9400
6338|588|10600
6339|588|12000
6340|588|8000
6342|475|600
6343|475|600
6344|588|8640
6345|360|17300
6346|588|4900
6347|577|1589
6348|516|12632
6349|534|3304
6351|522|3340
6352|444|6068
6353|481|4519
6354|589|6100
6355|403|9986
6357|384|1760
6359|384|14000
6360|402|14052.53
6362|402|8140
6363|360|77051
6365|426|17273.74
6366|510|5960
6367|420|18400
6368|588|12500
6369|588|12500
6371|414|87800
6372|588|7400
6373|414|15100
6374|414|14343.79
6375|414|59413.26
6376|414|46500
6377|534|4105
6378|540|4333
6379|504|3140
6380|504|3140
6381|504|3140
6383|408|13500
6386|480|5784
6387|432|11500
6388|564|3664
6392|372|20360
6393|606|5360
6394|588|8400
6395|588|7000
6396|588|9200
6397|360|10518
6398|474|4804
7398|504|4340
7400|486|4190
7401|588|2740
7402|402|11840
7403|384|6730
7407|384|341
7409|402|1050
7411|444|9115.5
7412|522|2073.55
7413|522|36408.42
7416|540|6860
7417|540|9128
7419|408|7760
7420|402|9502
7421|540|7000
7422|588|11300
7423|619|4040
7425|401|8060
7426|360|880
7427|557|11348
7428|558|14000
7429|383|5340
7430|413|7800
8431|485|7040
8432|479|900
8435|587|8200
8436|587|8000
8438|419|16214
8439|419|15940
8443|383|31634.11
8446|401|9543
8448|401|6016
8449|401|15494
8450|382|51300
8451|382|30804.32
8452|383|7740
8453|383|7740
8454|539|4800
8455|533|4858
8456|533|19000
8457|539|19000
8461|407|1480
8463|509|5140
8464|557|3924
8465|587|1633
8467|587|4260
8469|587|3600
8470|407|12220
8472|521|23500
8474|382|51640.62
8475|371|7724
8476|383|8240
8478|611|9080
8480|587|6060
8482|382|46423.31
8483|611|4430
8487|407|8740
8488|587|6660
8491|383|2060
8495|587|5660
8496|587|7940
8497|586|6940
8498|585|10100
8501|400|48387.83
8503|618|3240
8504|443|15268
8505|611|8040
8506|400|52303.19
8507|401|1080
8508|610|7340
8509|358|7340
8510|358|7240
8511|358|6874
8512|587|6560
8513|586|6060
8514|586|6560
8515|370|2260
8516|382|10784
8517|370|7320
8518|587|6360
8519|587|1380
8520|587|6660
8521|586|7480
8522|586|6260
8523|478|2800
8524|400|4800
8524|401|5000
8525|401|10720
8526|429|26900
8530|358|9254
8531|430|7820
8533|382|4446.7
8534|382|2837.96
8535|400|5994
8536|610|5204
8537|586|3500
8538|586|3700
8539|586|3500
8540|586|13300
8541|429|5800
8542|586|17100
8543|370|3460
8544|406|13300
8545|400|9100
8546|400|9524
8547|411|5610
8549|567|2760
8551|418|15598.38
8552|586|6900
8553|586|6900
8554|382|32255.11
8555|610|5600
8556|460|3554
8557|538|4100
8558|478|3114
8559|502|3940
8560|617|2800
8561|562|2594
8562|400|6710
8563|556|3654
8564|514|2200
8565|604|12700
8566|604|12700
8567|532|2144
8568|454|4524
8569|592|11464
8570|592|11464
8571|400|4300
8573|400|5800
8574|382|1050
8576|382|880
8577|484|2840
8578|483|3860
8579|412|14680
8584|568|3220
8585|585|9800
8586|400|8698.4
8594|358|2000
8595|496|740
8596|472|3300
8597|508|4400
8600|574|6200
8605|400|10720
8606|400|5460
8608|490|750
8609|423|46963.39
8610|400|900
8611|406|12000
8618|400|9900
8619|400|37100.84
8621|400|5300
8627|495|5800
8628|369|15900
8630|609|9800
8631|400|7131
8632|585|7000
8633|369|7140
8634|1148|18991.84
8635|483|4300
8636|471|4934
8637|357|8206
8637|358|9414
8639|441|6848
8640|501|3200
8641|501|3100
8642|585|9600
8644|1148|48857.59
8646|585|3900
8647|423|13000
8648|423|8900
8649|417|8000
8650|1053|67183.36
8651|417|8200
8652|405|10000
8654|561|3100
8655|1053|30476.1
8656|411|5894
8658|1058|73376.36
8659|1061|74160.94
8660|1054|84396.9
8661|585|13200
8662|399|3800
8663|417|3500
8664|399|118300
8665|399|16600
8667|417|3750
8668|399|6182
8672|585|8600
8673|489|4650
8674|585|9200
8676|585|14100
8677|399|16100
8678|489|750
8679|441|15000
8680|357|5274
8681|585|1200
8682|609|9316.5
8683|513|7700
8685|405|5800
8686|405|6000
8687|513|12200
8690|429|6800
8691|417|17600
8692|609|4950
8693|411|8400
8696|381|8300
8697|393|14300
8699|1124|81800
8700|1053|34321.55
8701|585|9300
8702|477|4700
8703|507|6200
8705|555|4434
8706|519|4464
8708|411|7306
8709|573|1839
8710|897|24110.46
8711|585|6300
8712|585|4400
8713|501|3300
8714|459|5984
8718|423|7100
8719|585|3900
8720|585|3250
8721|585|4100
8721|1076|950
8722|1076|3070
8723|1076|600
8724|1076|624
8725|1125|66400
8726|1125|71400
8727|1076|6800
8729|645|25285.83
8731|1053|9000
8732|801|4370
8734|1076|7300
8735|1076|6684
8736|1076|3200
8737|1076|7400
8738|644|18600
8739|1172|5404
8740|1053|10800
8741|645|9554
8742|899|47996.6
8743|1172|1100
8745|1053|4100
8746|1076|1400
8747|1184|13500
8748|1053|6400
8749|657|5700
8750|657|1100
8751|921|22906
8752|1076|14000
8753|693|4700
8754|693|5050
8755|693|5064
8756|657|900
8757|1148|3713
8759|1077|53720
8760|1148|880
8761|693|5700
8762|1148|980
8763|657|8900
8764|657|18500
8765|1172|8300
8766|1124|5400
8767|874|50500
8768|1148|1300
8769|1148|1400
8770|1172|4400
8771|1172|900
8772|1184|1000
8774|1196|5872
8775|1196|10410.3
8777|1065|92261.02
8778|1065|80000
8779|837|600
8780|837|750
8781|1076|6000
8782|837|600
8783|1148|5194
8784|1076|7000
8785|1076|4500
8786|1149|38298.31
8787|1149|35114
8788|1149|28867.83
8789|1054|51250
8791|1076|7000
8793|1172|6600
8796|1184|5900
8798|1173|800
8799|1112|400
8800|1173|7100
8801|1077|9040
8802|1077|9840
8803|1078|39200
8804|1077|4880
8805|1054|3500
8807|1125|7900
8810|1077|6400
8811|1173|4900
8812|1077|2400
8813|1077|6700
8814|1077|900
8815|802|10424
8816|1185|6300
8817|1054|6100
8818|814|2500
8819|658|6300
8820|1173|6200
8821|863|17740.31
8822|1173|6700
8824|1173|6600
8827|1054|5700
8829|1054|6200
8830|1054|7900
8831|646|2424
8832|670|6900
8833|1173|7300
8834|1173|14656
8835|802|1000
8836|1077|1200
8837|671|8000
8838|1185|6500
8839|1054|4024
8841|886|750
8842|1077|1400
8843|1077|1200
8844|1077|1400
8845|1006|650
8846|1149|18475.52
8848|1173|6900
8849|694|1530
8850|1149|5333.5
8851|1149|4100
8853|1209|2700
8854|1209|3100
8857|1077|9400
8858|1078|2900
8859|1078|3400
8860|1173|9860.88
8861|755|1200
8862|1058|37120
8863|862|2700
8864|864|16000
8865|900|19000
8866|852|18500
8867|1173|12600
8870|828|22000
8871|646|1000
8872|815|2100
8873|1055|6300
8874|838|1950
8875|694|5700
8877|671|50
8878|671|60
8880|671|60
8881|1223|77
8883|827|1200
8884|827|1200
8885|1174|8400
8886|1174|8400
8888|1090|70
8889|887|19100
8890|671|80
8891|1223|70
8892|1090|44
8893|670|130
8894|1078|8200
8895|670|70
8897|1151|11196
8899|876|15900
8901|791|4290
8902|791|4290
8903|791|4290
8904|731|740
8905|1055|7000
8906|1078|14300
8909|887|5500
8910|1055|4200
8911|1055|8600
8912|1055|6300
8913|1055|8400
8914|1055|5300
8915|1210|3500
8916|1043|6400
8917|1043|6400
8918|1043|6400
8919|803|2100
9920|1150|33200
9923|983|5532
9924|1055|7600
9925|1055|9500
9926|1055|4300
9927|935|3600
9928|923|2600
9929|971|3500
9930|983|1100
9931|1090|1100
9932|1174|4000
9933|1174|400
9936|1150|7216
9938|1078|2000
9939|1114|1400
9940|1174|15036
9941|1150|21400
9942|863|2900
9943|863|2300
9944|863|2300
9945|1150|19900
9946|1078|16800
9947|887|2800
9948|1210|9200
9949|815|6900
9950|851|1600
9951|1210|25100
9952|983|3500
9953|995|1800
9954|1186|1000
9955|1186|24867.49
9956|1150|1700
9957|767|2400
9958|803|4800
9959|671|15820
9960|803|5354
9961|1210|14800
9962|1150|9531
9963|1174|1100
9965|1174|5873
9966|971|6100
9967|971|10200
9968|971|1200
9969|971|6500
9970|971|10800
9971|1210|10000
9972|695|5800
9975|1235|4400
9976|695|5824
9977|863|2750
9978|851|8800
9980|839|100
9981|839|2250
9982|1174|3646
9983|839|450
9984|1223|60
9985|1055|4600
9986|1079|2900
9987|1079|19700
9988|1079|7900
9989|815|1400
9990|1078|6000
9991|1150|1900
9992|1150|1900
9993|972|21000
9994|888|2350
9995|1174|5032
9996|756|2150
9997|659|6700
9998|660|6536.7
9999|660|7262.4
10000|924|19600
10001|840|1150
10002|1056|10700
10003|1067|14100
10004|1056|6300
10006|1067|16200
10007|1056|9200
10008|1056|8100
10009|1056|8600
10010|1056|8500
10011|1174|3344
10012|1067|8100
10013|1059|71000
10014|1070|22316.64
10016|887|18100
10017|1055|4200
10018|828|4500
10019|1055|7500
10020|996|5588
10021|1174|900
10022|1078|4000
10023|864|3000
10024|864|3650
10025|1080|43100
10026|1055|3800
10028|732|4224
10029|876|16200
10030|1044|6234
10032|1043|3304
10033|1043|2734
10034|1150|42241
10035|1174|6264
10036|1069|41768.86
10038|1152|46337.98
10039|1072|41768.86
10041|1069|96105.6
10043|1058|55100
10044|1235|3000
10046|1235|6000
10048|1152|35000
10049|1152|53551.4
10050|972|4850
10051|1152|28900
10052|1079|3900
10053|1151|7590
10054|1211|10400
10057|1152|36800
10058|972|1812
10059|1175|7080
10060|1176|30471.9
10062|1079|16335.2
10063|1187|3000
10064|1187|6300
10065|1175|16000
10066|1079|8600
10067|1175|13800
10069|1249|25316.89
10070|1175|8746
10071|877|8000
10072|672|1000
10073|648|11044
10074|804|9175
10075|828|6500
10077|1175|1650
10078|1175|8304
10079|900|18250
10080|852|1200
10081|1056|18308
10082|1187|10500
10083|1151|13000
10084|1248|13000
10086|1249|29500
10088|1211|11100
10089|1211|15400
10090|1248|14132
10091|1176|24922.68
10092|1151|12180
10093|1067|22300
10094|1151|13020
10096|1079|11200
10097|1211|11200
10098|696|7800
10099|984|4000
10100|900|5000
10102|984|4000
10103|900|9600
10104|816|7480
10105|1079|5000
10106|1079|12400
10107|817|4250
10108|816|5400
10109|672|12500
10110|852|9000
10111|876|20000
10112|1056|6300
10113|925|2884
10114|745|1100
10115|1116|7450
10116|1115|1500
10117|840|5174
10118|841|1200
10119|757|1200
10120|972|8250
10122|889|2300
10123|972|17228
10124|829|4750
10125|864|6650
10126|864|6350
10127|1070|32829.13
10128|1080|7040
10130|840|3044
10131|1079|8200
10132|1059|59026
10133|1079|11100
10134|1175|13674
10135|1059|72620.86
10136|1175|4500
10137|1175|14424
10138|1115|650
10139|1224|4800
10140|1224|8500
10141|972|2750
10142|1175|12014
10143|1070|61620.72
10144|888|28100
10145|1175|5900
10146|1057|33416.07
10147|1045|7224
10148|1045|7224
10149|1044|6100
10150|937|4088
10151|648|8160
10152|1175|4944
10153|733|2994
10154|840|1300
10155|672|5400
10155|673|3800
10156|840|1300
10157|649|7800
10159|1249|11800
10160|888|5200
10161|1152|4900
10162|793|5400
10163|793|5400
10164|1045|2944
10165|1045|2094
10166|1176|9800
10168|1176|9100
10171|1176|7008
10174|1175|6230
10175|1152|5024
10176|865|3950
10177|865|2850
10178|865|2650
10179|649|5360
10180|997|2750
10181|1188|7500
10182|973|5728
10183|877|8000
10184|841|3300
11182|1212|9400
11183|1176|13000
11184|1176|4964
11186|1080|1102
11187|1080|35513.32
11188|985|3494
11189|865|2750
11190|1045|2550
11191|1045|2550
11192|1068|46242.93
11193|853|3500
11194|1116|2050
11195|1057|5300
11196|1057|19000
11197|889|3500
11198|925|21400
11199|649|7800
11201|901|18156.13
11204|865|3200
11205|1045|4300
11207|757|1000
11208|1176|14340
11209|793|2030
11210|793|2030
11211|733|1300
11212|889|2000
11213|805|1000
11214|1080|1900
11215|769|3844
11216|1080|2800
11217|985|650
11218|985|1000
11219|985|900
11220|1080|4100
11221|817|4300
11222|829|6200
11224|1188|14000
11225|1176|6841
11226|877|5300
11227|841|950
11228|661|5464
11229|793|4520
11231|1080|1800
11232|1176|8200
11233|1213|74327.97
11234|1213|103256.92
11235|1058|67543
11236|1057|6300
11238|805|3224
11239|889|3100
12237|877|1800
12238|1249|10200
12238|1250|3400
12239|1250|58500
12240|1188|5200
12241|817|3300
12242|817|3300
12243|817|3100
12244|817|3400
12245|1057|7050
12246|1080|8200
12247|1080|11500
12248|1080|8200
12249|1080|1000
12250|1081|72173.48
12251|1082|61615.65
12252|1081|1100
12253|745|900
12254|745|1000
12255|745|1000
12256|1176|12868
12257|757|1100
12258|1080|9700
12259|733|1300
12260|853|4600
12261|985|2000
12262|853|1700
12263|865|2500
12264|865|2500
12265|865|2500
12266|865|2500
12267|865|2500
12268|1069|10500
12269|1116|3750
12270|1058|16100
12271|805|5782
12272|854|21600
12273|889|21850
12274|997|2844
12275|997|2814
12276|1188|4100
12277|829|3000
12278|829|4050
12279|829|2900
12280|973|21440
12281|973|13500
12282|1021|2964
12283|1021|2964
12284|1021|2964
12285|1021|2674
12287|733|1300
12288|877|15700
12289|733|1300
12290|937|5300
12292|1081|31128.39
12295|757|1111
12296|841|3000
12297|793|3900
12298|793|3900
12299|793|3900
12301|830|23300
12302|1058|36191.65
12304|1080|12264
12305|1081|6100
12307|1092|1850
12308|925|11652
12309|1188|7300
12309|1189|3400
12310|997|3358
12311|985|3000
12312|769|3784
12313|793|5400
12314|1082|69504.08
12315|699|28000
12316|674|5200
12318|842|650
12319|842|2200
12320|698|9500
12321|650|1285
12322|650|5915
12323|698|8000
12324|1082|54100
12325|1082|12400
12326|698|8778
12327|1177|11300
12328|1177|16800
12329|650|3649
12330|651|16853
12331|650|4254
12332|902|21795.59
12333|1153|26043.1
12333|1154|2565.51
12334|879|53900
12335|650|8082.5
12336|650|1800
12337|1153|6877.62
12338|830|3070
12339|830|3070
12340|818|3550
12341|1081|14800
12342|1081|10516
12343|674|2400
12344|938|3750
12345|1250|13626
12346|663|29039.54
12347|819|14200
12348|1081|6204
12350|1250|28293
12351|698|6774
12352|650|14509
12353|1058|2700
12354|1081|6100
12355|854|2300
12356|1177|4718
12357|831|19550
12358|903|24486.11
12359|662|8254
12360|998|3842
12362|662|7864
12364|903|28564.4
12365|890|4650
12366|903|28564.4
12367|903|28564.4
12368|651|22759.36
12369|698|11200
12370|1022|6464
12371|1227|6200
12377|747|12100
12378|939|13000
12379|1069|18500
12380|1058|14500
12381|1058|10400
12383|662|7534
12384|1153|46620.84
12386|1153|3738.55
12387|975|8786
12388|866|2750
12389|866|2600
12390|866|2700
12391|1177|2576
12392|866|2300
12393|974|11244
12394|1081|2200
12395|1082|5000
12396|675|18000
12397|650|7584
12398|1081|4500
12399|651|16884
12400|1154|6211.67
12403|1081|6814
12404|1189|12345
12405|1177|4394
12406|1177|5814
12407|1177|5288
12408|1072|148572.56
12409|1081|6100
12410|1081|10100
12411|1213|10700
12412|1214|19300
12413|1216|65187.83
12414|1081|9900
12415|998|2814
12417|818|3000
12418|878|1200
12419|1189|16789.27
12420|855|950
12421|1177|8590
12422|1081|4500
12423|1082|41500
12424|1082|8200
12425|1082|4400
12426|891|2000
12427|1214|11000
12428|1214|12600
12434|1154|26300
12437|831|4890
12438|1082|4704
12439|1059|13100
12440|1070|48600
12441|1070|11300
12442|1059|34400
12443|1070|15274
12444|1059|9800
12445|1059|11000
12447|1048|5384
12448|819|3490
12449|1061|63700
12450|1082|7600
12451|939|1200
12452|1082|4388
13450|879|5700
13453|1059|18300
13454|1082|6150
13455|1082|6500
13456|1082|6700
13457|987|800
13458|987|800
13459|1178|3772
13461|1251|584
13462|1251|1000
13463|1059|9800
13464|927|1000
13465|1082|1600
13466|1154|900
13467|1154|900
13468|1154|700
13469|1154|4100
13470|1154|700
13471|1154|4000
13472|1154|4000
13473|1154|3744
13474|1082|808
13475|1082|539
13476|1059|6200
13477|1178|5895
13478|867|2900
13479|1082|2700
13480|1118|1100
13482|1059|23000
13483|855|10400
13484|855|1800
13485|1178|16307
13487|1047|3504
13488|735|1300
13489|1094|1000
13490|1154|3534
13491|975|2400
13492|1227|5200
13493|1178|26600
13494|999|2714
13495|1190|8600
13496|747|1000
13497|747|3600
13498|807|1200
13500|1059|11300
13501|975|5500
13502|1059|11000
13505|1214|12300
13506|675|7300
13507|1059|5100
13508|879|9300
13509|879|10600
13510|675|8450
13511|1178|26200
13512|903|9850
13513|903|8300
13514|903|8300
13515|903|8300
13516|1154|10942
13517|1154|9012
13518|1070|18100
13520|867|3400
13521|867|3200
13522|1251|8200
13523|1251|5364
13524|939|1300
13525|939|1100
13526|927|1500
13527|1059|10400
13528|759|800
13529|759|1800
13530|891|2600
13531|1082|5700
13532|1178|7341
13533|1154|10050
13534|699|6500
13535|699|10900
13536|831|3600
13537|831|3550
13538|831|4300
13539|1082|3834
13540|1178|6224
13541|795|4810
13543|795|4890
13544|795|4890
13545|1156|56766.84
13546|1156|26000
13547|1156|48651
13549|1190|17100
13550|795|2100
13551|1156|35950
13552|1156|58153.24
13553|735|1300
13554|735|1300
13555|1082|12250
13557|1082|7600
13558|879|15200
13559|1023|4200
13560|1023|4500
13562|999|4368
13563|999|4368
13564|807|1000
13565|1178|6510
13566|1178|900
13567|987|900
13568|1154|1100
13570|1180|37753.27
13571|1178|5530
13572|653|52400
13573|1156|55026.17
13574|975|8108
13575|843|800
13576|1082|1452.3
13577|843|1800
13578|844|1150
13579|1083|2200
13580|856|1100
13581|700|5500
13582|1178|6300
13583|1179|2600
13584|1178|7089
13585|1178|6200
13586|1179|4464
13589|1082|8900
13591|1083|3300
13592|1191|5800
13593|1083|1000
13594|1083|4554
13595|880|10000
13596|1024|6514
13597|1179|7086
13598|1084|4000
13599|1180|33951
13600|832|3334
13601|832|3390
13602|1083|4400
13603|1083|750
13604|1083|4300
13605|868|3250
13606|676|6500
13607|1083|9900
13608|1083|2600
13609|1083|4550
13610|1083|4800
13611|1024|5000
13612|1179|9600
13613|928|650
13614|928|2700
13615|1179|5400
13616|892|21520.05
13617|1083|4000
13618|1083|6300
13620|796|6314
13621|796|6314
13622|796|6314
13623|1083|10500
13624|1083|7498
13625|881|34000
13628|869|19933.69
13629|869|23333.69
13630|857|23400
13632|1083|1000
13633|1083|600
13634|1083|10020
13635|1084|45020
13636|701|55000
13637|1000|3724
13638|1000|3724
13640|1000|3924
13641|772|4554
13642|977|34645.52
13643|1083|8400
13644|1084|7840
13645|1083|4224
13646|652|6504
13647|1083|4200
13648|1179|2607
13649|821|20091.87
13650|1084|62596.79
13651|1191|900
13652|1191|13610.35
13653|1155|6700
13654|1155|900
13655|1179|6470
13656|1155|14100
13657|1083|6100
13658|1083|6100
13659|676|7000
13660|1072|80000
13661|1060|5500
13662|977|8828
13664|700|5650
13665|1216|30050.64
13666|664|6650
13668|1216|4600
13669|1191|600
13670|652|9400
13671|1180|10262
13673|1180|19350
13674|677|6400
13675|1084|11200
13676|1180|13084
13677|1253|4208
13678|1253|2700
13679|1255|49500
13680|1156|4600
13681|1084|9000
13682|1084|6800
13683|1084|7600
13684|989|760
13685|1156|5160
13686|1156|5100
13687|1156|4700
13688|701|53500
13689|1084|2000
13691|1180|13194
13692|893|5250
13693|989|1200
13695|665|13500
13696|1192|14400
13698|941|1150
14699|1084|9300
14700|1180|4424
14701|1084|2984
14702|1180|8191
14703|1255|31334.49
14704|906|7950
14705|1180|4256
14707|1180|900
14708|1084|3284
14709|665|6200
14710|1085|11773.04
14711|1085|17000
14712|894|3650
14713|1242|4614
14715|979|21971.55
14716|1180|18959.84
14717|858|3750
14720|943|2700
14721|1121|1350
14722|1062|39500
14723|1230|6450
14724|1230|6450
14727|653|5684
14728|811|1350
14730|762|1250
14731|930|1550
14732|1181|11590.4
14733|1181|12300
14734|1181|13223.4
14735|798|7348
14736|798|7348
14739|1050|6104
14740|1050|7050
14741|1050|7050
14742|1181|11120.4
14743|1002|3894
14744|1002|3774
14745|870|3350
14746|978|5554
14748|1157|5664
14749|1157|5100
14750|834|1350
14751|1157|5704
14752|978|654
14753|1181|13297
14754|990|1250
14755|1181|14296.4
14756|1243|15933.84
14757|1085|6000
14758|1217|15800
14760|1073|15600
14761|1073|8258
14762|1086|41900
14763|1157|5623.5
14764|1217|14800
14765|942|15400
14766|907|16000
14771|1085|6100
14772|703|18100
14775|1157|5500
14776|978|9788
14777|978|1400
14782|1181|8061
14783|1181|5265
14784|1254|9028
14785|1158|49405.7
14786|1158|32660.28
14789|1158|43889.68
14790|702|5000
14791|1121|3300
14792|1181|9296
14793|666|9214
14795|894|7100
14796|1157|6000
14797|810|3500
14798|1085|9562
14800|1181|2439.72
14801|1157|5214
14802|990|7750
14803|1157|3700
14804|846|4500
14805|1085|13300
14806|846|1150
14809|822|1100
14810|654|9500
14811|1085|1300
14812|1157|6252
14813|1158|2744
14814|1158|2900
14815|1158|27000
14816|1181|7554
14817|858|9800
14819|1181|8100
14821|1002|2054
14822|1002|2054
14823|1002|2324
14824|678|8800
14827|990|1500
14829|990|800
14830|798|2100
14831|798|700
14832|798|700
14833|1157|3510
14835|1085|6131
14836|1075|21600
14837|1064|12400
14838|1064|11600
14839|1064|7700
14840|1075|8144
14841|1062|11200
14842|1182|11334
14844|1182|15359
14845|882|8500
14846|702|7300
14847|1085|17200
14848|1086|18700
14849|1086|9700
14850|702|7200
14851|666|3980
14853|1157|4464
14855|1158|3100
14856|1158|5482
14857|1086|6000
14858|1086|6000
14859|1158|33800
14860|1182|37333.67
14862|1182|13970
14863|1182|13410
14864|1182|9391
14865|991|9810
15865|1027|1250
15866|1027|1250
15867|1027|1250
15868|1064|8500
15869|775|1600
15873|1218|4580
15875|1063|4100
15877|1051|1050
15878|1051|1050
15879|1051|1050
15880|1051|1800
15881|823|3850
15882|763|1200
15884|775|5950
15885|919|5364
15886|1182|11990
15887|1074|2800
15889|1182|5384
15890|775|5900
15891|1182|13124
15892|883|6650
15893|883|7250
15895|871|3200
15896|1182|11291
15897|1086|6100
15898|1182|8404
15899|1182|11314
15900|979|7550
15902|943|2900
15903|931|1200
15904|835|4530
15905|823|3700
15906|1182|19926
15907|1158|5942
15911|871|3450
15912|1086|5000
15913|979|6848
15914|1194|12300
15915|811|6280
15917|739|1500
15918|739|2500
15920|1110|1250
15921|811|1350
15922|811|1100
15923|1074|24600
15924|1063|10700
15925|1074|8116
15926|1075|8116
15927|895|3800
15928|763|800
15929|859|950
15930|1122|13900
15931|1098|13900
15932|991|800
15933|1051|3944
15934|775|6350
15936|1063|8900
15937|1003|3314
15938|847|900
15939|883|10600
15941|1086|7000
15942|1086|5300
15943|1086|6000
15944|799|4964
15945|1086|6205.16
15946|1087|5658
15948|1218|4000
15949|1086|3784
15950|1074|7000
15951|1182|6695
15952|979|750
15954|1182|13974
15957|679|2500
15958|1122|2544
15959|680|11000
15960|1075|5700
15961|667|5400
15963|1064|2500
15964|1183|8600
15966|1183|7284
15969|656|3394
15970|1183|9514
15971|1087|9900
15972|704|12000
15973|680|9729
15974|1183|2734
15975|668|14334
15976|1087|9657
15977|1064|4100
15978|704|5152
15979|704|6324
15980|704|7800
15981|704|3000
15982|704|9300
15984|1087|80
15986|656|6404
15988|1183|9116
15989|1064|8700
15990|1219|7100
15991|1219|17100
15992|656|4300
15993|1183|5284
15994|1087|1300
15996|1064|7700
15998|1183|8744
15999|1183|10668
16000|1064|11800
16004|776|4800
16006|1087|4023
16008|1075|16100
16010|1183|3462
16011|704|4214
16014|1183|8140
16016|920|1800
16017|1028|2100
16018|1183|8848
16019|1052|1050
16020|1052|7650
16022|1087|3700
16023|1087|2988
16024|1087|3858
16026|1087|271
16028|1159|39300.14
16037|1087|6100
16038|1087|7950
16039|1087|2660
16041|1087|3000
16043|1087|8200
16045|896|2850
16046|1087|9000
16048|1087|1700
